5190
1999
2797
822
9909
9766
9260
4237
9559
4694
9584
3200
2924
3435
104
4565
4737
8010
8367
9512
6770
782
137
879
7561
4078
2570
9657
2628
504
849
6290
5717
4780
8033
7413
9123
2279
1536
751
8381
7995
6039
2140
3903
5863
9530
5344
3469
1112
899
8196
7196
4812
5095
3898
7264
7358
554
6223
3280
2387
8526
5981
3126
4816
3622
3482
2850
8902
4696
4192
5502
5003
2529
4458
8684
6358
5571
5191
9180
7911
7658
8766
5642
5537
8268
383
9396
3301
6238
2450
9993
3211
4691
6590
1852
2415
5423
9928
312
2406
6490
3189
7582
9996
6209
4990
3801
4492
6646
2064
3011
6107
7463
460
2080
9057
2252
1841
3736
5285
5386
8564
290
2275
5252
8362
9260
4893
8354
8706
6487
9324
1593
3906
5279
7809
6442
3164
6569
7116
5895
3516
2181
8519
6335
433
1170
9681
4267
5781
8929
6051
465
8027
1361
4208
7110
9253
3529
5389
1633
7854
4229
8171
8618
5738
1640
2061
3441
6744
9520
5402
6091
9762
598
8561
6630
9825
3252
9092
7774
8591
2322
7571
1849
5610
1849
4645
2700
226
9736
517
97
3984
5813
1431
6384
9602
5067
5717
2201
6935
7841
1851
1028
2004
8572
6267
2336
5632
155
190
616
978
592
5928
7108
325
3230
3271
7467
8502
7709
2055
4341
1626
9530
5700
6687
6046
5068
5806
4248
6412
2722
5698
3592
9766
6968
6715
7761
7379
9785
7300
8941
627
1342
4104
8087
5025
5172
6856
5605
7060
7947
7481
3411
49
5722
1128
7403
545
9632
5066
3728
1419
662
5588
4763
9854
4129
4403
7788
1356
8243
4697
1170
9174
8321
9766
533
4496
7775
4383
2512
1281
4982
5485
781
2202
2440
5364
7497
7680
1851
7758
3334
6792
8561
4164
7535
3358
873
5432
8694
3441
9773
7042
6793
9102
5596
1781
692
7528
1442
9325
6448
7249
4084
3976
8296
3144
5960
7758
3180
9791
7232
6046
7022
455
8423
7350
26
9834
9204
4830
7955
3941
716
6242
9945
2256
1828
6459
9862
7468
4451
9432
8535
8135
8230
1182
8936
1423
6334
3465
2456
7217
260
5950
924
7324
6892
5423
3359
3991
1815
2489
6375
8316
1170
3870
5779
4624
3500
2378
4160
3919
5573
8388
1291
3065
3842
6531
8481
8995
4270
2266
1634
7611
5290
1170
4707
8908
6292
658
4275
8729
3397
7085
7317
6282
7956
6361
7165
8273
3657
4007
9414
4008
6972
4708
4415
4184
6780
7467
9526
3272
219
2964
9404
1296
3990
6477
9113
5145
6851
7716
2520
4212
9235
6718
2979
9491
7175
7655
9721
1192
543
2278
1388
5592
4988
1836
999
7035
4391
1322
8988
3122
7627
6012
5596
4886
2526
6277
1488
7353
6781
472
2964
4235
3717
9296
8451
4076
765
4493
3390
2648
8096
1931
7365
9108
3898
881
5592
9124
3240
5955
9847
3350
1905
1589
7366
3646
4339
2732
8188
7055
5302
770
6955
2403
3422
4358
3898
3400
3484
1982
4237
4567
3
5002
3190
8785
9320
8070
7957
1928
3010
9100
4491
5831
8161
6163
2076
2943
108
3528
515
4975
5410
919
4879
6288
130
6278
7227
2154
358
2766
3740
7478
4650
3783
723
6818
7435
8623
1650
5434
6778
9175
1355
8313
191
6139
3844
5851
2219
2027
8455
4158
7829
9866
7974
5173
166
9026
8396
1608
3617
8098
2766
732
8234
870
3328
3402
1015
9809
4516
7183
3123
3866
1405
688
3503
1872
2305
6071
5604
8826
6077
4190
2692
4064
6611
8487
6494
6784
6223
4309
9151
1822
6679
2683
7830
1387
3920
5263
448
8656
6701
6555
1778
6519
2499
9872
1621
5126
3160
6199
8508
6650
2969
245
769
3772
3499
6873
2557
8002
4825
2646
694
2484
7980
7032
7202
7705
8905
2613
5098
9662
9780
8017
4763
1379
770
9453
8998
9602
5532
3998
9606
2045
9087
1717
8785
2290
7824
8545
632
8013
2686
5101
5289
5659
880
6310
3396
5526
4797
5550
6138
6354
8794
1510
4704
7330
8125
3356
1796
3144
7457
6736
4247
4072
3891
3668
3208
631
9720
7328
3810
2261
6753
6368
3771
5332
1527
9755
8893
3268
6273
7135
6066
125
820
1790
9592
3304
2170
7919
7172
1130
891
4467
3267
8974
7944
4213
5547
7822
3911
589
3439
3742
9176
1505
9842
9157
8533
5624
2675
2009
424
2253
6871
5509
9287
3964
5525
441
5083
8940
298
7087
7679
3129
2813
4421
6099
3901
7068
7596
3679
3306
69
9996
5
3014
3201
7233
6319
7908
1434
9543
6088
4907
4062
2861
3863
8933
5083
8489
8437
7126
2714
4344
3024
1191
7689
7968
8552
7390
6656
5172
374
5676
8086
1603
7005
5602
4923
2989
9576
5585
6037
6883
3971
2253
2041
170
9622
7725
6399
6380
5212
9329
3833
9643
1938
4352
2876
626
5370
6174
9164
5963
5935
7942
342
4822
611
346
550
2188
9860
7220
6265
7937
9150
8007
9949
5935
154
5735
5957
2453
7747
1970
6473
3068
9417
6361
2346
9121
7951
5359
5954
723
959
6733
2698
2091
8701
3584
5413
7555
1288
6352
3626
1621
589
7997
8719
6577
6166
5864
1280
6026
8304
107
4735
6397
3722
8022
6870
5951
8409
8919
4056
8035
4024
5925
1253
9364
7325
7225
380
3413
7543
3034
5147
4451
7747
8740
5073
1267
2622
2500
53
9677
7445
7890
368
1445
9608
1371
4532
6386
4269
8873
3984
4172
5616
1842
8684
7671
8680
138
7135
9591
1637
8054
656
5566
3270
8158
393
4121
9623
6158
5479
996
439
3705
7822
5733
7495
7451
4010
9612
7310
7529
9696
1252
6010
8391
7858
9750
9506
9878
2930
6283
502
3303
6446
7644
744
2033
3689
4632
8036
859
3483
8561
6073
9414
8750
7475
5292
1146
7721
2226
4066
7308
1802
4527
7755
8297
6188
9958
2126
7521
9465
760
7055
5650
8088
7536
6094
1776
4039
5459
6297
2974
8036
4937
657
8876
9781
3171
4266
2318
2344
6008
2363
9028
8452
3360
6710
9803
4686
8315
6050
9055
8536
7855
7907
9787
323
4685
267
1455
9014
3055
2778
4701
4679
2704
7265
3264
4197
984
1349
9401
5544
3314
5870
9671
8401
2427
4031
5826
1403
9705
1136
9060
8035
4198
3958
7285
7987
9144
8261
7090
3385
5647
2972
7242
2167
4922
174
8372
6900
2150
4417
1199
8192
8644
8335
7656
1876
117
2122
5746
2151
9924
5101
5413
9438
7041
2173
3685
8603
198
8622
734
4774
2167
482
2953
425
2283
2652
8718
2452
6273
483
3846
3858
7953
9346
9355
9043
8913
2476
7070
3032
4992
8940
8165
6461
8579
9291
31
8720
7289
8219
9397
9568
428
2704
6511
9456
8215
7231
6464
875
2078
6862
8656
2722
7535
4506
2308
9905
7700
1128
1499
9295
145
3859
2151
7908
8656
6724
9606
7317
6022
7744
2541
3082
2593
5035
6800
6321
4449
3930
4304
9228
8273
2422
5153
8309
9953
7948
2375
1809
2272
8706
8973
482
203
708
1889
9927
7420
8332
5599
1198
241
9520
2521
5402
3547
582
1344
9424
9007
2722
1281
6474
9053
8287
2287
4974
5770
8316
6648
153
5068
8094
8951
8373
1505
6468
3974
6106
13
7496
9374
161
3646
641
7245
4163
7373
1925
1586
9103
8292
4891
7287
7787
5126
4030
9404
1874
4223
8974
6652
460
1338
7633
1438
267
9689
8647
6235
2385
2148
8955
2374
6847
9249
2181
9437
1385
508
4988
8011
7301
1603
4985
9559
4706
3025
8726
7996
9445
6981
4390
6486
9886
9006
46
1590
2249
9029
6593
3442
5217
8551
4409
6876
5567
8493
6321
9869
9696
170
7536
7742
7172
705
4367
6771
2162
2641
6684
629
602
6126
4391
9370
3747
508
5145
5954
5202
3162
37
3425
8316
2409
3015
3892
8370
3624
9545
4626
7323
7710
6132
7648
6369
3571
898
6209
6769
3994
9794
632
5397
2783
3654
4540
5247
1017
9207
407
5275
6428
3480
6218
9831
1199
2807
993
6575
5125
7520
4318
6128
9929
2316
8037
4735
4123
87
2180
5618
9521
910
7916
2971
1596
6359
8080
5509
5817
5291
665
4391
5648
2398
4435
5398
6364
9728
8104
5896
9703
5931
3815
9218
737
892
9025
3906
6158
2495
3727
5401
6410
5732
6611
8976
3961
6078
7754
9643
2430
7529
9899
7915
9816
827
3839
7966
6532
7699
8621
2433
6995
286
4864
7141
906
3785
4919
2271
9616
3441
2777
2042
3639
6534
594
167
3722
830
6239
8516
8127
6485
7170
6955
6584
8754
7154
801
9180
8886
4979
5919
4110
8973
5453
1773
1671
4118
6683
1706
8324
9887
9811
2537
4478
5354
1789
7173
6898
9724
2945
7508
9469
116
258
2282
3958
201
3489
917
5016
6075
6719
2053
1594
1644
9490
3374
92
8696
6883
9798
5504
1519
8914
4474
35
4547
807
909
231
5708
1542
976
2782
9577
6478
8428
3365
4626
3566
8380
2442
4169
8532
216
9004
9086
6740
1692
9198
3409
5537
2904
8983
6995
4123
592
3801
9381
8613
5284
6587
1666
7825
4506
9238
6041
9787
5750
9577
8082
1647
8747
1225
6625
8919
2972
5672
1000
5909
1180
8128
2455
8458
99
6876
3695
4193
5489
772
5429
7818
9901
7300
7218
7878
3959
5575
7766
8572
8076
8613
4172
5959
1383
9878
7369
3420
4724
2
2686
1515
1072
8695
477
6369
2556
4741
7113
439
5601
3097
7862
6764
6349
7716
8863
6586
9467
2968
70
5271
2913
8718
2870
3930
1027
1319
8468
5751
8388
6797
5988
9433
7821
7605
6760
3931
9222
2372
5491
9475
9442
3003
7436
7820
4487
7920
3534
5487
1626
7866
4604
9245
1705
7433
8194
4172
6882
8591
1638
4331
8514
415
5374
7171
1575
2273
7755
364
4406
8431
8706
5241
313
7663
2971
3889
2320
9372
1843
7339
9128
3827
9772
4325
7369
8344
4693
2321
490
6147
9860
4957
4303
5819
5695
5405
2994
7692
2602
1863
7888
1880
3338
7819
7370
5112
9448
1005
4923
8477
9330
2848
4938
9783
6683
545
6213
7328
1971
7277
9357
7558
241
9808
3553
5588
4140
1659
4243
685
2393
6433
4231
1380
3743
7086
5513
1034
7318
9957
6141
8900
110
4932
6482
9289
2716
6774
7264
4005
6943
6837
193
6077
6049
1657
8380
6592
5625
7010
7612
8725
7021
6046
7455
551
2964
8423
122
4842
9194
9548
5562
5288
7580
6906
53
7165
5219
1319
3279
4571
6030
5356
8841
7035
3512
3468
7267
8961
617
8581
5490
3434
1177
7569
8429
9301
1534
681
8593
1211
9510
4279
8389
5724
3056
6567
5448
7112
5397
586
1733
3366
4261
8230
7112
388
7099
493
6203
2972
5458
471
794
5951
5233
9135
3157
6562
3281
4328
2387
6321
3456
8266
9650
4772
8638
3133
5757
4829
7861
4896
4919
5946
4997
2055
9028
3341
4845
9647
599
3637
8758
8718
3206
4265
9865
9052
954
4497
6321
3608
2098
497
635
1689
5766
6083
842
1026
1993
4944
1319
7776
5432
7115
3189
5123
9360
3929
4866
8550
4668
2256
1242
1037
4123
6891
3670
5435
944
6008
2946
3597
7635
6367
3532
5367
6933
991
3863
2040
2737
2502
335
4156
3469
3292
9112
9134
5360
1981
7583
9144
6861
4865
722
3305
110
3098
1819
4865
8316
7226
6455
1148
1418
3550
6117
3272
4978
1386
1722
7877
3335
9074
9986
2169
6810
6195
4689
301
9720
5628
3463
3799
2767
2108
5921
5412
465
1369
9468
5410
9842
8842
7829
9783
6684
626
6316
3170
9330
8457
167
252
4593
7209
2659
4682
8962
8018
6789
9906
5899
4250
2014
1288
6086
1541
4621
8324
9786
6988
4574
3137
1045
2429
1104
7668
8811
9040
3205
2487
8456
5713
2866
5825
8177
4910
1270
8068
9993
6302
6616
3315
4687
3324
2648
5374
4101
2175
7000
5100
5451
7992
7092
7587
7914
5592
8588
8582
813
3467
7122
3260
3065
5156
9119
4249
6237
6565
2736
1659
1876
5580
5261
2899
2183
3941
442
5966
6768
8752
3175
8655
2810
5648
3938
731
3220
6573
8556
5969
4676
5879
3705
420
9240
2343
3153
86
9495
8499
3523
6195
4758
7886
3466
5894
5367
7754
3767
1948
8540
3787
653
2419
8122
3305
8700
8543
3608
7825
8069
937
5798
1481
3405
1860
7114
9054
1421
9614
1317
2860
3445
4847
6804
9113
9425
9825
3683
3070
6819
4811
5565
3811
448
6908
7310
6118
2391
7809
6697
3496
156
3203
693
2116
5059
8320
6642
2141
6759
1620
7546
4242
714
5939
9426
7873
8919
2726
5503
3669
6723
8432
6566
6093
2162
7436
8828
6443
4486
7445
5436
4934
3410
3409
3207
2365
6701
3163
2565
9175
6082
6604
553
6412
2532
6357
2563
2089
3487
123
479
404
5530
3295
7211
8733
3272
329
3271
2813
4061
2352
1524
3886
1374
8393
7518
1223
6785
7386
2006
5554
2244
922
8120
4587
4121
6775
1708
2439
111
4099
4200
3887
8684
4283
50
6647
1846
7685
7106
5520
7569
4342
5142
3590
6210
3102
8960
7542
8178
7345
7482
3120
5775
3922
8282
7829
3405
8397
9440
126
2457
9937
3196
5368
9197
905
7932
3631
8047
7814
2211
8486
2245
5739
4694
2145
9331
180
559
1871
8789
5827
1733
6471
6200
1784
8195
7805
4946
4221
1540
5969
114
9452
4960
6821
9234
9325
4767
7609
9081
4223
461
4101
4269
7346
8263
1890
9157
5263
1041
4757
2397
2197
8905
6313
6883
7057
1670
9544
3198
4633
1131
54
9262
1061
200
7450
1054
2362
7999
1017
3862
404
1428
5281
5261
7200
3325
9439
3932
755
6793
6045
9630
7771
9325
7804
9571
8672
2489
7625
532
2949
6586
5647
3216
1841
104
1290
9957
2117
1119
3555
1003
3050
5948
4957
5418
2744
5469
9690
5324
2741
7995
6986
4684
1080
5075
6754
5870
2937
3679
6245
8104
695
1108
5313
9006
8213
3013
6521
6460
7858
1556
8186
6652
1059
1032
2925
4039
271
1595
8744
5320
6247
2362
3345
3004
1201
3888
5408
422
544
8108
2831
3391
113
8654
6833
986
1427
6225
5996
6005
7476
4002
8564
1996
8517
2542
4581
9400
8601
8602
6333
4725
7295
2108
5909
8481
5433
1959
9738
7376
2793
5860
8235
3260
7367
843
2257
9673
1569
1681
3126
8855
6912
7355
1587
7792
1570
5425
7019
4258
970
1150
669
4135
9776
4868
4570
1487
8694
2236
4548
2079
6408
219
9662
1011
2975
80
3942
5727
2
7721
6155
2915
2201
7110
4093
5980
224
7253
656
6103
4805
7484
8348
7329
8990
678
885
2779
1850
5412
8081
1593
9586
6789
987
8952
1979
4480
2900
6447
8571
4718
6976
9455
1381
6757
4676
4548
1331
3918
8234
9406
1471
7160
5726
5385
958
2790
4201
247
825
2739
1047
3136
7321
5814
8647
3056
3119
1968
5886
8367
9950
5842
1033
2701
774
1932
9645
8668
13
1200
9340
1784
3083
3189
4407
3201
9330
2776
7898
7641
7352
5068
7721
3241
9043
3986
8437
3278
6112
2404
9402
8705
160
9947
9064
5972
4784
6288
3164
7783
3363
9567
9595
5691
110
1496
8331
398
784
4064
2157
853
5083
3844
8762
4712
5523
269
2473
4886
498
4287
7835
7385
5062
4987
6163
4389
4664
9285
3413
8026
682
2016
8074
4026
7932
324
1197
3684
714
3282
2117
5229
3702
3726
3408
9824
7965
2283
5304
6525
4361
5029
9460
749
5235
9912
8334
486
2546
6526
1996
1529
3156
3381
8446
2329
3240
1422
5491
5350
8358
2866
5399
5863
7452
1631
9725
8631
2854
6576
4645
7398
280
6747
7531
8528
8619
2628
828
42
4450
1071
7477
1064
4807
9043
233
2892
5751
2121
2911
7962
2215
6884
5014
790
3554
2122
2486
4319
736
9457
2213
2005
4676
6437
1794
629
6002
3605
209
1749
6795
7421
6884
1579
7334
2270
2850
4632
7053
9194
8038
7746
7601
5420
567
6223
9499
2740
1679
2861
9009
5488
1883
6014
1553
1670
3470
17
620
7437
1154
9820
946
7292
2972
6117
2582
3914
2459
9472
9357
901
9884
1474
4505
1230
8749
3749
4828
4737
2412
2420
3099
8178
2539
4966
5298
3507
8771
7159
5198
6402
3202
9474
9370
5359
4995
3227
8905
7788
9848
4360
1260
6221
1142
7584
5809
5902
7404
6860
5433
9284
5457
8810
6244
8459
4602
6944
4108
3039
3045
6925
5802
4679
4950
5371
3608
6795
7115
1457
5156
1222
6541
8981
2590
2278
9910
7951
9343
6400
7001
4984
4102
9089
6354
2593
2255
7120
3003
8896
9762
559
5480
3397
7734
1855
8321
8459
9264
2067
1961
2635
4108
8605
1919
9098
8150
9893
7360
8498
9478
2184
8631
366
6422
893
4339
7646
4049
2323
4787
9755
5321
246
7008
2676
9045
2512
3799
1175
9029
5292
1138
6700
7012
918
3170
8299
8537
1918
4106
8702
7146
1643
1995
3393
2798
6076
5240
9605
7052
4729
5045
9908
5525
2073
9713
6302
7979
5213
6685
2818
2045
1737
2504
1801
4896
4723
4360
1725
9979
3220
5335
6151
7391
1803
8024
1717
7713
8625
4196
8473
4726
5815
4646
6399
2410
859
4031
6183
748
5562
1606
2464
3865
4287
7248
7702
7476
8921
5639
8194
9487
3451
59
3776
8297
6669
3506
9582
2404
8384
1533
4640
6257
7567
3592
9328
1739
1857
5565
6626
6876
3386
9815
7462
3712
1761
8318
8103
6788
2717
3443
8912
8906
9832
1017
254
7325
9526
2926
129
187
8014
3733
4716
835
663
8066
1020
3836
654
7937
7877
4880
2099
3923
4871
3268
2676
6630
1680
5861
3233
6239
6331
1568
3407
3159
3078
8077
2104
3247
1425
2489
8063
4049
7010
9631
4145
7557
6390
3347
6775
653
5810
8219
4888
3534
8615
1818
9788
7003
9332
5753
9883
8447
6885
7028
1795
5479
2089
8255
9608
6858
4658
9299
6566
5510
6822
8009
2643
2984
3506
4338
4560
4902
429
8880
4029
4669
6746
3877