2
2
3
5
13
13
17
26
31
35
37
42
46
49
50
53
53
54
59
69
70
80
86
87
92
97
99
104
104
107
108
110
110
110
111
113
114
116
117
122
123
125
126
129
130
137
138
145
153
154
155
156
160
161
166
167
167
170
170
174
180
187
190
191
193
198
200
201
203
209
216
219
219
224
226
231
233
241
241
245
246
247
252
254
258
260
267
267
269
271
280
286
290
298
301
312
313
323
324
325
329
335
342
346
358
364
366
368
374
380
383
388
393
398
404
404
407
415
420
422
424
425
428
429
433
439
439
441
442
448
448
455
460
460
461
465
465
471
472
477
479
482
482
483
486
490
493
497
498
502
504
508
508
515
517
532
533
543
544
545
545
550
551
553
554
559
559
567
582
586
589
589
592
592
594
598
599
602
611
616
617
620
626
626
627
629
629
631
632
632
635
641
653
653
654
656
656
657
658
662
663
665
669
678
681
682
685
688
692
693
694
695
705
708
714
714
716
722
723
723
731
732
734
736
737
744
748
749
751
755
760
765
769
770
770
772
774
781
782
784
790
794
801
807
813
820
822
825
827
828
830
835
842
843
849
853
859
859
870
873
875
879
880
881
885
891
892
893
898
899
901
905
906
909
910
917
918
919
922
924
937
944
946
954
958
959
970
976
978
984
986
987
991
993
996
999
1000
1003
1005
1011
1015
1017
1017
1017
1020
1026
1027
1028
1032
1033
1034
1037
1041
1045
1047
1054
1059
1061
1064
1071
1072
1080
1104
1108
1112
1119
1128
1128
1130
1131
1136
1138
1142
1146
1148
1150
1154
1170
1170
1170
1170
1175
1177
1180
1182
1191
1192
1197
1198
1199
1199
1200
1201
1211
1222
1223
1225
1230
1242
1252
1253
1260
1267
1270
1280
1281
1281
1288
1288
1290
1291
1296
1317
1319
1319
1319
1322
1331
1338
1342
1344
1349
1355
1356
1361
1369
1371
1374
1379
1380
1381
1383
1385
1386
1387
1388
1403
1405
1418
1419
1421
1422
1423
1425
1427
1428
1431
1434
1438
1442
1445
1455
1457
1471
1474
1481
1487
1488
1496
1499
1505
1505
1510
1515
1519
1524
1527
1529
1533
1534
1536
1540
1541
1542
1553
1556
1568
1569
1570
1575
1579
1586
1587
1589
1590
1593
1593
1594
1595
1596
1603
1603
1606
1608
1620
1621
1621
1626
1626
1631
1633
1634
1637
1638
1640
1643
1644
1647
1650
1657
1659
1659
1666
1670
1670
1671
1679
1680
1681
1689
1692
1705
1706
1708
1717
1717
1722
1725
1733
1733
1737
1739
1749
1761
1773
1776
1778
1781
1784
1784
1789
1790
1794
1795
1796
1801
1802
1803
1809
1815
1818
1819
1822
1828
1836
1841
1841
1842
1843
1846
1849
1849
1850
1851
1851
1852
1855
1857
1860
1863
1871
1872
1874
1876
1876
1880
1883
1889
1890
1905
1918
1919
1925
1928
1931
1932
1938
1948
1959
1961
1968
1970
1971
1979
1981
1982
1993
1995
1996
1996
1999
2004
2005
2006
2009
2014
2016
2027
2033
2040
2041
2042
2045
2045
2053
2055
2055
2061
2064
2067
2073
2076
2078
2079
2080
2089
2089
2091
2098
2099
2104
2108
2108
2116
2117
2117
2121
2122
2122
2126
2140
2141
2145
2148
2150
2151
2151
2154
2157
2162
2162
2167
2167
2169
2170
2173
2175
2180
2181
2181
2183
2184
2188
2197
2201
2201
2202
2211
2213
2215
2219
2226
2236
2244
2245
2249
2252
2253
2253
2255
2256
2256
2257
2261
2266
2270
2271
2272
2273
2275
2278
2278
2279
2282
2283
2283
2287
2290
2305
2308
2316
2318
2320
2321
2322
2323
2329
2336
2343
2344
2346
2352
2362
2362
2363
2365
2372
2374
2375
2378
2385
2387
2387
2391
2393
2397
2398
2403
2404
2404
2406
2409
2410
2412
2415
2419
2420
2422
2427
2429
2430
2433
2439
2440
2442
2450
2452
2453
2455
2456
2457
2459
2464
2473
2476
2484
2486
2487
2489
2489
2489
2495
2499
2500
2502
2504
2512
2512
2520
2521
2526
2529
2532
2537
2539
2541
2542
2546
2556
2557
2563
2565
2570
2582
2590
2593
2593
2602
2613
2622
2628
2628
2635
2641
2643
2646
2648
2648
2652
2659
2675
2676
2676
2683
2686
2686
2692
2698
2700
2701
2704
2704
2714
2716
2717
2722
2722
2722
2726
2732
2736
2737
2739
2740
2741
2744
2766
2766
2767
2776
2777
2778
2779
2782
2783
2790
2793
2797
2798
2807
2810
2813
2813
2818
2831
2848
2850
2850
2854
2860
2861
2861
2866
2866
2870
2876
2892
2899
2900
2904
2911
2913
2915
2924
2925
2926
2930
2937
2943
2945
2946
2949
2953
2964
2964
2964
2968
2969
2971
2971
2972
2972
2972
2972
2974
2975
2979
2984
2989
2994
3003
3003
3004
3010
3011
3013
3014
3015
3024
3025
3032
3034
3039
3045
3050
3055
3056
3056
3065
3065
3068
3070
3078
3082
3083
3097
3098
3099
3102
3119
3120
3122
3123
3126
3126
3129
3133
3136
3137
3144
3144
3153
3156
3157
3159
3160
3162
3163
3164
3164
3170
3170
3171
3175
3180
3189
3189
3189
3190
3196
3198
3200
3201
3201
3202
3203
3205
3206
3207
3208
3211
3216
3220
3220
3227
3230
3233
3240
3240
3241
3247
3252
3260
3260
3264
3267
3268
3268
3270
3271
3271
3272
3272
3272
3278
3279
3280
3281
3282
3292
3295
3301
3303
3304
3305
3305
3306
3314
3315
3324
3325
3328
3334
3335
3338
3341
3345
3347
3350
3356
3358
3359
3360
3363
3365
3366
3374
3381
3385
3386
3390
3391
3393
3396
3397
3397
3400
3402
3405
3405
3407
3408
3409
3409
3410
3411
3413
3413
3420
3422
3425
3434
3435
3439
3441
3441
3441
3442
3443
3445
3451
3456
3463
3465
3466
3467
3468
3469
3469
3470
3480
3482
3483
3484
3487
3489
3496
3499
3500
3503
3506
3506
3507
3512
3516
3523
3528
3529
3532
3534
3534
3547
3550
3553
3554
3555
3566
3571
3584
3590
3592
3592
3597
3605
3608
3608
3608
3617
3622
3624
3626
3631
3637
3639
3646
3646
3654
3657
3668
3669
3670
3679
3679
3683
3684
3685
3689
3695
3702
3705
3705
3712
3717
3722
3722
3726
3727
3728
3733
3736
3740
3742
3743
3747
3749
3767
3771
3772
3776
3783
3785
3787
3799
3799
3801
3801
3810
3811
3815
3827
3833
3836
3839
3842
3844
3844
3846
3858
3859
3862
3863
3863
3865
3866
3870
3877
3886
3887
3888
3889
3891
3892
3898
3898
3898
3901
3903
3906
3906
3911
3914
3918
3919
3920
3922
3923
3929
3930
3930
3931
3932
3938
3941
3941
3942
3958
3958
3959
3961
3964
3971
3974
3976
3984
3984
3986
3990
3991
3994
3998
4002
4005
4007
4008
4010
4024
4026
4029
4030
4031
4031
4039
4039
4049
4049
4056
4061
4062
4064
4064
4066
4072
4076
4078
4084
4093
4099
4101
4101
4102
4104
4106
4108
4108
4110
4118
4121
4121
4123
4123
4123
4129
4135
4140
4145
4156
4158
4160
4163
4164
4169
4172
4172
4172
4184
4190
4192
4193
4196
4197
4198
4200
4201
4208
4212
4213
4221
4223
4223
4229
4231
4235
4237
4237
4242
4243
4247
4248
4249
4250
4258
4261
4265
4266
4267
4269
4269
4270
4275
4279
4283
4287
4287
4303
4304
4309
4318
4319
4325
4328
4331
4338
4339
4339
4341
4342
4344
4352
4358
4360
4360
4361
4367
4383
4389
4390
4391
4391
4391
4403
4406
4407
4409
4415
4417
4421
4435
4449
4450
4451
4451
4458
4467
4474
4478
4480
4486
4487
4491
4492
4493
4496
4497
4505
4506
4506
4516
4527
4532
4540
4547
4548
4548
4560
4565
4567
4570
4571
4574
4581
4587
4593
4602
4604
4621
4624
4626
4626
4632
4632
4633
4640
4645
4645
4646
4650
4658
4664
4668
4669
4676
4676
4676
4679
4679
4682
4684
4685
4686
4687
4689
4691
4693
4694
4694
4696
4697
4701
4704
4706
4707
4708
4712
4716
4718
4723
4724
4725
4726
4729
4735
4735
4737
4737
4741
4757
4758
4763
4763
4767
4772
4774
4780
4784
4787
4797
4805
4807
4811
4812
4816
4822
4825
4828
4829
4830
4842
4845
4847
4864
4865
4865
4866
4868
4871
4879
4880
4886
4886
4888
4891
4893
4896
4896
4902
4907
4910
4919
4919
4922
4923
4923
4932
4934
4937
4938
4944
4946
4950
4957
4957
4960
4966
4974
4975
4978
4979
4982
4984
4985
4987
4988
4988
4990
4992
4995
4997
5002
5003
5014
5016
5025
5029
5035
5045
5059
5062
5066
5067
5068
5068
5068
5073
5075
5083
5083
5083
5095
5098
5100
5101
5101
5112
5123
5125
5126
5126
5142
5145
5145
5147
5153
5156
5156
5172
5172
5173
5190
5191
5198
5202
5212
5213
5217
5219
5229
5233
5235
5240
5241
5247
5252
5261
5261
5263
5263
5271
5275
5279
5281
5284
5285
5288
5289
5290
5291
5292
5292
5298
5302
5304
5313
5320
5321
5324
5332
5335
5344
5350
5354
5356
5359
5359
5360
5364
5367
5367
5368
5370
5371
5374
5374
5385
5386
5389
5397
5397
5398
5399
5401
5402
5402
5405
5408
5410
5410
5412
5412
5413
5413
5418
5420
5423
5423
5425
5429
5432
5432
5433
5433
5434
5435
5436
5448
5451
5453
5457
5458
5459
5469
5479
5479
5480
5485
5487
5488
5489
5490
5491
5491
5502
5503
5504
5509
5509
5510
5513
5520
5523
5525
5525
5526
5530
5532
5537
5537
5544
5547
5550
5554
5562
5562
5565
5565
5566
5567
5571
5573
5575
5580
5585
5588
5588
5592
5592
5592
5596
5596
5599
5601
5602
5604
5605
5610
5616
5618
5624
5625
5628
5632
5639
5642
5647
5647
5648
5648
5650
5659
5672
5676
5691
5695
5698
5700
5708
5713
5717
5717
5722
5724
5726
5727
5732
5733
5735
5738
5739
5746
5750
5751
5751
5753
5757
5766
5770
5775
5779
5781
5798
5802
5806
5809
5810
5813
5814
5815
5817
5819
5825
5826
5827
5831
5842
5851
5860
5861
5863
5863
5864
5870
5870
5879
5886
5894
5895
5896
5899
5902
5909
5909
5919
5921
5925
5928
5931
5935
5935
5939
5946
5948
5950
5951
5951
5954
5954
5955
5957
5959
5960
5963
5966
5969
5969
5972
5980
5981
5988
5996
6002
6005
6008
6008
6010
6012
6014
6022
6026
6030
6037
6039
6041
6045
6046
6046
6046
6049
6050
6051
6066
6071
6073
6075
6076
6077
6077
6078
6082
6083
6086
6088
6091
6093
6094
6099
6103
6106
6107
6112
6117
6117
6118
6126
6128
6132
6138
6139
6141
6147
6151
6155
6158
6158
6163
6163
6166
6174
6183
6188
6195
6195
6199
6200
6203
6209
6209
6210
6213
6218
6221
6223
6223
6223
6225
6235
6237
6238
6239
6239
6242
6244
6245
6247
6257
6265
6267
6273
6273
6277
6278
6282
6283
6288
6288
6290
6292
6297
6302
6302
6310
6313
6316
6319
6321
6321
6321
6321
6331
6333
6334
6335
6349
6352
6354
6354
6357
6358
6359
6361
6361
6364
6367
6368
6369
6369
6375
6380
6384
6386
6390
6397
6399
6399
6400
6402
6408
6410
6412
6412
6422
6428
6433
6437
6442
6443
6446
6447
6448
6455
6459
6460
6461
6464
6468
6471
6473
6474
6477
6478
6482
6485
6486
6487
6490
6494
6511
6519
6521
6525
6526
6531
6532
6534
6541
6555
6562
6565
6566
6566
6567
6569
6573
6575
6576
6577
6584
6586
6586
6587
6590
6592
6593
6604
6611
6611
6616
6625
6626
6630
6630
6642
6646
6647
6648
6650
6652
6652
6656
6669
6679
6683
6683
6684
6684
6685
6687
6697
6700
6701
6701
6710
6715
6718
6719
6723
6724
6733
6736
6740
6744
6746
6747
6753
6754
6757
6759
6760
6764
6768
6769
6770
6771
6774
6775
6775
6778
6780
6781
6784
6785
6788
6789
6789
6792
6793
6793
6795
6795
6797
6800
6804
6810
6818
6819
6821
6822
6833
6837
6847
6851
6856
6858
6860
6861
6862
6870
6871
6873
6876
6876
6876
6882
6883
6883
6883
6884
6884
6885
6891
6892
6898
6900
6906
6908
6912
6925
6933
6935
6943
6944
6955
6955
6968
6972
6976
6981
6986
6988
6995
6995
7000
7001
7003
7005
7008
7010
7010
7012
7019
7021
7022
7028
7032
7035
7035
7041
7042
7052
7053
7055
7055
7057
7060
7068
7070
7085
7086
7087
7090
7092
7099
7106
7108
7110
7110
7112
7112
7113
7114
7115
7115
7116
7120
7122
7126
7135
7135
7141
7146
7154
7159
7160
7165
7165
7170
7171
7172
7172
7173
7175
7183
7196
7200
7202
7209
7211
7217
7218
7220
7225
7226
7227
7231
7232
7233
7242
7245
7248
7249
7253
7264
7264
7265
7267
7277
7285
7287
7289
7292
7295
7300
7300
7301
7308
7310
7310
7317
7317
7318
7321
7323
7324
7325
7325
7328
7328
7329
7330
7334
7339
7345
7346
7350
7352
7353
7355
7358
7360
7365
7366
7367
7369
7369
7370
7373
7376
7379
7385
7386
7390
7391
7398
7403
7404
7413
7420
7421
7433
7435
7436
7436
7437
7445
7445
7450
7451
7452
7455
7457
7462
7463
7467
7467
7468
7475
7476
7476
7477
7478
7481
7482
7484
7495
7496
7497
7508
7518
7520
7521
7528
7529
7529
7531
7535
7535
7536
7536
7542
7543
7546
7555
7557
7558
7561
7567
7569
7569
7571
7580
7582
7583
7584
7587
7596
7601
7605
7609
7611
7612
7625
7627
7633
7635
7641
7644
7646
7648
7655
7656
7658
7663
7668
7671
7679
7680
7685
7689
7692
7699
7700
7702
7705
7709
7710
7713
7716
7716
7721
7721
7721
7725
7734
7742
7744
7746
7747
7747
7754
7754
7755
7755
7758
7758
7761
7766
7771
7774
7775
7776
7783
7787
7788
7788
7792
7804
7805
7809
7809
7814
7818
7819
7820
7821
7822
7822
7824
7825
7825
7829
7829
7829
7830
7835
7841
7854
7855
7858
7858
7861
7862
7866
7873
7877
7877
7878
7886
7888
7890
7898
7907
7908
7908
7911
7914
7915
7916
7919
7920
7932
7932
7937
7937
7942
7944
7947
7948
7951
7951
7953
7955
7956
7957
7962
7965
7966
7968
7974
7979
7980
7987
7992
7995
7995
7996
7997
7999
8002
8007
8009
8010
8011
8013
8014
8017
8018
8022
8024
8026
8027
8033
8035
8035
8036
8036
8037
8038
8047
8054
8063
8066
8068
8069
8070
8074
8076
8077
8080
8081
8082
8086
8087
8088
8094
8096
8098
8103
8104
8104
8108
8120
8122
8125
8127
8128
8135
8150
8158
8161
8165
8171
8177
8178
8178
8186
8188
8192
8194
8194
8195
8196
8213
8215
8219
8219
8230
8230
8234
8234
8235
8243
8255
8261
8263
8266
8268
8273
8273
8282
8287
8292
8296
8297
8297
8299
8304
8309
8313
8315
8316
8316
8316
8316
8318
8320
8321
8321
8324
8324
8331
8332
8334
8335
8344
8348
8354
8358
8362
8367
8367
8370
8372
8373
8380
8380
8381
8384
8388
8388
8389
8391
8393
8396
8397
8401
8409
8423
8423
8428
8429
8431
8432
8437
8437
8446
8447
8451
8452
8455
8456
8457
8458
8459
8459
8468
8473
8477
8481
8481
8486
8487
8489
8493
8498
8499
8502
8508
8514
8516
8517
8519
8526
8528
8532
8533
8535
8536
8537
8540
8543
8545
8550
8551
8552
8556
8561
8561
8561
8564
8564
8571
8572
8572
8579
8581
8582
8588
8591
8591
8593
8601
8602
8603
8605
8613
8613
8615
8618
8619
8621
8622
8623
8625
8631
8631
8638
8644
8647
8647
8654
8655
8656
8656
8656
8668
8672
8680
8684
8684
8684
8694
8694
8695
8696
8700
8701
8702
8705
8706
8706
8706
8718
8718
8718
8719
8720
8725
8726
8729
8733
8740
8744
8747
8749
8750
8752
8754
8758
8762
8766
8771
8785
8785
8789
8794
8810
8811
8826
8828
8841
8842
8855
8863
8873
8876
8880
8886
8893
8896
8900
8902
8905
8905
8905
8906
8908
8912
8913
8914
8919
8919
8919
8921
8929
8933
8936
8940
8940
8941
8951
8952
8955
8960
8961
8962
8973
8973
8974
8974
8976
8981
8983
8988
8990
8995
8998
9004
9006
9006
9007
9009
9014
9025
9026
9028
9028
9029
9029
9040
9043
9043
9043
9045
9052
9053
9054
9055
9057
9060
9064
9074
9081
9086
9087
9089
9092
9098
9100
9102
9103
9108
9112
9113
9113
9119
9121
9123
9124
9128
9134
9135
9144
9144
9150
9151
9157
9157
9164
9174
9175
9175
9176
9180
9180
9194
9194
9197
9198
9204
9207
9218
9222
9228
9234
9235
9238
9240
9245
9249
9253
9260
9260
9262
9264
9284
9285
9287
9289
9291
9295
9296
9299
9301
9320
9324
9325
9325
9325
9328
9329
9330
9330
9330
9331
9332
9340
9343
9346
9355
9357
9357
9360
9364
9370
9370
9372
9374
9381
9396
9397
9400
9401
9402
9404
9404
9406
9414
9414
9417
9424
9425
9426
9432
9433
9437
9438
9439
9440
9442
9445
9448
9452
9453
9455
9456
9457
9460
9465
9467
9468
9469
9472
9474
9475
9478
9487
9490
9491
9495
9499
9506
9510
9512
9520
9520
9521
9526
9526
9530
9530
9543
9544
9545
9548
9559
9559
9567
9568
9571
9576
9577
9577
9582
9584
9586
9591
9592
9595
9602
9602
9605
9606
9606
9608
9608
9612
9614
9616
9622
9623
9630
9631
9632
9643
9643
9645
9647
9650
9657
9662
9662
9671
9673
9677
9681
9689
9690
9696
9696
9703
9705
9713
9720
9720
9721
9724
9725
9728
9736
9738
9750
9755
9755
9762
9762
9766
9766
9766
9772
9773
9776
9780
9781
9783
9783
9785
9786
9787
9787
9788
9791
9794
9798
9803
9808
9809
9811
9815
9816
9820
9824
9825
9825
9831
9832
9834
9842
9842
9847
9848
9854
9860
9860
9862
9865
9866
9869
9872
9878
9878
9883
9884
9886
9887
9893
9899
9901
9905
9906
9908
9909
9910
9912
9924
9927
9928
9929
9937
9945
9947
9949
9950
9953
9957
9957
9958
9979
9986
9993
9993
9996
9996
